1 163
2 
   0 0.9378 
   1 0.9840 
   2 1.1284 
   3 1.2914 
   4 1.3208 
   5 1.2193 
   6 1.0253 
   7 1.0091 
   8 0.9939 
   9 1.0751 
  10 1.2675 
  11 1.3693 
  12 1.2388 
  13 1.0923 
  14 1.0750 
  15 1.0616 
  16 1.0482 
  17 1.0207 
  18 1.0358 
  19 1.1719 
  20 1.3193 
  21 1.2361 
  22 1.0580 
  23 1.0332 
  24 1.1258 
  25 1.0887 
  26 1.0718 
  27 1.0480 
  28 1.0283 
  29 1.0802 
  30 1.1979 
  31 1.2163 
  32 1.0613 
  33 1.0514 
  34 1.1604 
  35 1.3085 
  36 1.1210 
  37 1.1117 
  38 1.0992 
  39 1.0757 
  40 1.0752 
  41 1.1098 
  42 1.1370 
  43 1.1192 
  44 1.1370 
  45 1.2579 
  46 1.4246 
  47 1.5250 
  48 1.1568 
  49 1.1553 
  50 1.1867 
  51 1.1758 
  52 1.1542 
  53 1.1622 
  54 1.1463 
  55 1.1511 
  56 1.1949 
  57 1.3115 
  58 1.5064 
  59 1.6450 
  60 1.6094 
  61 1.2275 
  62 1.1876 
  63 1.2752 
  64 1.3797 
  65 1.3529 
  66 1.3233 
  67 1.2921 
  68 1.2677 
  69 1.3219 
  70 1.3720 
  71 1.5071 
  72 1.6780 
  73 1.6630 
  74 1.5295 
  75 1.2848 
  76 1.3177 
  77 1.5476 
  78 1.6811 
  79 1.6136 
  80 1.5189 
  81 1.4459 
  82 1.4654 
  83 1.5072 
  84 1.5065 
  85 1.6325 
  86 1.6807 
  87 1.5308 
  88 1.4808 
  89 1.4341 
  90 1.5350 
  91 1.7374 
  92 1.8939 
  93 1.8785 
  94 1.6913 
  95 1.6065 
  96 1.5319 
  97 1.4375 
  98 1.5118 
  99 1.6089 
 100 1.5549 
 101 1.4491 
 102 1.6327 
 103 1.5930 
 104 1.6473 
 105 2.0642 
 106 2.9121 
 107 2.5995 
 108 1.9620 
 109 1.7551 
 110 1.4810 
 111 1.4015 
 112 1.5060 
 113 1.5445 
 114 1.4990 
 115 1.8013 
 116 1.8716 
 117 2.6776 
 118 5.2879 
 119 5.8812 
 120 2.9933 
 121 2.0785 
 122 1.8265 
 123 1.5160 
 124 1.4903 
 125 1.5556 
 126 1.5544 
 127 2.0248 
 128 2.5154 
 129 5.1122 
 130 9.0735
 131 5.2897 
 132 2.2291 
 133 1.9998 
 134 1.7789 
 135 1.5942 
 136 1.6083 
 137 1.6180 
 138 2.1134 
 139 2.3203 
 140 3.8299 
 141 4.9936 
 142 2.6865 
 143 1.9007 
 144 1.8969 
 145 1.7216 
 146 1.6512 
 147 1.6528 
 148 2.0437 
 149 1.7341 
 150 2.0803 
 151 2.3102 
 152 1.9101 
 153 1.8647 
 154 1.7649 
 155 1.6561 
 156 1.6368 
 157 1.7104 
 158 1.7687 
 159 1.8215 
 160 1.7883 
 161 1.7144 
 162 1.6049 
