#fileout
ae.eps
# pitch
0.8
#layout
h
#nombre d'anneaux
10
#symmetry
1
#colors
          1 1 1 1 1 1 1 1 1 1 1 
         1 1 1 1 1 1 1 1 1 1 1 1 
        1 1 1 1 1 1 1 1 1 1 1 1 1
       1 1 1 1 1 1 1 1 1 1 1 1 1 1
      1 1 1 1 1 1 1 0 1 1 1 1 1 1 1
     1 1 1 1 1 0 1 1 1 1 0 1 1 1 1 1
    1 1 1 1 1 1 1 1 1 1 1 1 1 1 1 1 1
   1 1 1 1 0 1 1 1 0 1 1 1 1 0 1 1 1 1
  1 1 1 1 1 1 1 1 1 1 1 0 1 1 1 1 1 1 1
 1 1 1 1 1 1 1 0 1 1 1 1 1 1 1 1 1 1 1 1
1 1 1 1 1 0 1 1 1 1 0 1 1 1 1 0 1 1 1 1 1
 1 1 1 1 1 1 1 1 1 1 1 1 0 1 1 1 1 1 1 1
  1 1 1 1 1 1 1 0 1 1 1 1 1 1 1 1 1 1 1
   1 1 1 1 0 1 1 1 1 0 1 1 1 0 1 1 1 1
    1 1 1 1 1 1 1 1 1 1 1 1 1 1 1 1 1
     1 1 1 1 1 0 1 1 1 1 0 1 1 1 1 1
      1 1 1 1 1 1 1 0 1 1 1 1 1 1 1
       1 1 1 1 1 1 1 1 1 1 1 1 1 1
        1 1 1 1 1 1 1 1 1 1 1 1 1
         1 1 1 1 1 1 1 1 1 1 1 1
          1 1 1 1 1 1 1 1 1 1 1

-0.0 -0.0
